.............#...............#.........................................
##.####.#.##.#.#############.#.........................................
...#...#.#...#.......#.....#.#.....#...................................
.#.#.#.#.#.###.#####.###.#.#.#..##.#..#................................
.#.#.#.#...#.......#.#...#.#.#.........................................
.###.#.###.#.#######.#.#.#.#.##.....#..................................
.....#...#.#.#.......#...#.#...#.......................................
.#######.#.###.#########.#.###..##.........#...........................
.#...#...#.....#...........#...#.......................................
.#...#.###.####.##.#.#######.##....#...................................
.#.#.#.#...#.....#...#.......#.....#...................................
.###.#.#####.###.#.###.#######.....#.#.................................
...#.#.......#...#.....#.....#.........................................
##.#.########..###.####..###.##..##....................................
.#...#.......#.#...#.....#...#.........................................
.###.##.##.#.#.###.###.###.###.#.#.....................................
...#...#...#.#...#...#.#...#...#...#...................................
.#.###.#.###.###.###.#.#.#####.#.......................................
.#.......#.....#...#...#...#...........................................
.#.###########.###.#######.#.#.#.......................................
.#.#...#.....#.#...#.......#...#.......................................
.#.#.#.#...#.#.#.##...######......#....................................
...#.#.#.....#.#...#.........#.........................................
.##..#.##..#.#.###.#.#...#.#..#........................................
.#...#...#.#.#...#.#.....#.............................................
.###.#.##..#.###.#.##.#######..........................................
.....#.#.......#.#...#...#...#.........................................
###.##.#...###.#.###.#.#.##............................................
...#...#.#...#.#.#...#.#...#...........................................
...#.###.#.#.#.#.#.###..##.#.#.#.......................................
...#.#...#.....#.#.#...#...#.#.........................................
..##.#.....###.###.#.###.#.##..........................................
...#.#...#...#...#...#...#.#...#.......................................
.#.#..##.###......####.#####.#.........................................
.#...#.#...............#...............................................
.####...##.#....######.#..#.#.....................................#....
.....#...#.#.........#.#.#.............................................
####.#.###....#..###.#.#...#..............................#.#..........
.......#...#.....#.#...#...............................................
.#######.#.....###.#####.##..................................#.#.......
...#...#...#.......#...#...............................................
##.#............##.#.#.#....##................##.....#..#..#.#.#.#.....
...#.#.....#.......#.#.............................#.................#.
####..##.......#.........#......................#.#.......#..##..#.....
.....#.......................................#.........................
.###.#.#...#.............................#.#.##....#...#.#.#....#......
...#.#.#.........................................#...........#.....#...
.#.#.#.#.#...#............................#......###...#...#........##.
.#.#.#.#.....................................#.#...............#.....#.
.#.##..#..#....................................######......##.#.#####..
.#.....#.....................................#.........#.#...........#.
...#...#...................................#..#######..#..##.#.#####.#.
.........................................#...#.#.....#.#.....#.#...#...
#........#.....................#.....#.....###.#.###.#..#..#####.#.####
.......#...........................#.....#...#.#...#...#...#.....#.....
.....#.........................###......##.#.#..##.##.....##.#########.
...........................................#.....#...#...#...#.......#.
................................##.....#.#.#..###.##.#..##.#####.###.#.
...............................#.....#.....#.#.....#.#...#.....#.#...#.
..............................##.#..##.#####.#.###.#.###.#####.#.#.#.#.
.............................#.#.........#...#.#.#.#...#...#...#.#.#.#.
.............................#.#.....#.#.#####.#.#.###.#####.###.#.###.
...............................#.......#.#.....#.#...#...#...#.#.#.....
...........................###.#.#....#..#.####..###..##.#.###.#.##.###
...............................#.#.......#.....#...#...#...#...#...#...
...........................#..##.#.#.###.#####.###.#.#######.#####.###.
.............................#...#...#.......#.....#.........#...#.....
.........................###.#.###################.####.##.###.#.#####.
...........................#.#.#...#...#.........#.....#.#.....#.....#.
.......................##..#.#.#.#.#.#.#.#######.#####...###########.#.
.............................#...#...#.........#...................#...

[(0, 0), (1, 0), (2, 0), (3, 0), (4, 0), (5, 0), (6, 0), (7, 0), (8, 0), (9, 0), (10, 0), (11, 0), (12, 0), (12, 1), (12, 2), (11, 2), (10, 2), (10, 3), (10, 4), (10, 5), (10, 6), (10, 7), (10, 8), (11, 8), (12, 8), (13, 8), (14, 8), (14, 7), (14, 6), (15, 6), (16, 6), (17, 6), (18, 6), (19, 6), (20, 6), (20, 5), (20, 4), (20, 3), (20, 2), (19, 2), (18, 2), (17, 2), (16, 2), (15, 2), (14, 2), (14, 1), (14, 0), (15, 0), (16, 0), (17, 0), (18, 0), (19, 0), (20, 0), (21, 0), (22, 0), (23, 0), (24, 0), (25, 0), (26, 0), (27, 0), (28, 0), (28, 1), (28, 2), (28, 3), (28, 4), (28, 5), (28, 6), (29, 6), (30, 6), (30, 7), (30, 8), (29, 8), (28, 8), (28, 9), (28, 10), (27, 10), (26, 10), (25, 10), (24, 10), (23, 10), (22, 10), (22, 11), (22, 12), (21, 12), (20, 12), (19, 12), (18, 12), (18, 13), (18, 14), (18, 15), (18, 16), (19, 16), (20, 16), (20, 17), (20, 18), (21, 18), (22, 18), (22, 17), (22, 16), (22, 15), (22, 14), (23, 14), (24, 14), (24, 13), (24, 12), (25, 12), (26, 12), (27, 12), (28, 12), (28, 13), (28, 14), (27, 14), (26, 14), (26, 15), (26, 16), (25, 16), (24, 16), (24, 17), (24, 18), (25, 18), (26, 18), (26, 19), (26, 20), (25, 20), (24, 20), (23, 20), (22, 20), (21, 20), (21, 21), (21, 22), (22, 22), (23, 22), (24, 22), (25, 22), (26, 22), (27, 22), (28, 22), (28, 21), (28, 20), (28, 19), (28, 18), (29, 18), (30, 18), (30, 17), (30, 16), (30, 15), (30, 14), (31, 14), (31, 13), (31, 12), (31, 11), (31, 10), (32, 10), (32, 9), (33, 9), (34, 9), (34, 8), (34, 7), (34, 6), (33, 6), (32, 6), (32, 5), (31, 5), (31, 4), (30, 4), (30, 3), (30, 2), (30, 1), (31, 1), (32, 1), (33, 1), (34, 1), (35, 1), (36, 1), (37, 1), (38, 1), (39, 1), (40, 1), (41, 1), (42, 1), (43, 1), (44, 1), (45, 1), (46, 1), (47, 1), (48, 1), (49, 1), (50, 1), (51, 1), (52, 1), (53, 1), (54, 1), (55, 1), (55, 2), (55, 3), (55, 4), (55, 5), (55, 6), (55, 7), (55, 8), (55, 9), (55, 10), (55, 11), (55, 12), (55, 13), (55, 14), (55, 15), (55, 16), (55, 17), (55, 18), (55, 19), (55, 20), (55, 21), (55, 22), (55, 23), (55, 24), (55, 25), (55, 26), (55, 27), (55, 28), (55, 29), (55, 30), (55, 31), (55, 32), (55, 33), (55, 34), (55, 35), (55, 36), (55, 37), (55, 38), (55, 39), (55, 40), (55, 41), (55, 42), (56, 42), (56, 43), (56, 44), (56, 45), (56, 46), (56, 47), (56, 48), (56, 49), (56, 50), (56, 51), (57, 51), (57, 52), (57, 53), (57, 54), (57, 55), (56, 55), (55, 55), (54, 55), (53, 55), (53, 54), (52, 54), (52, 53), (52, 52), (51, 52), (50, 52), (49, 52), (48, 52), (48, 53), (48, 54), (49, 54), (50, 54), (50, 55), (50, 56), (51, 56), (52, 56), (52, 57), (52, 58), (52, 59), (52, 60), (53, 60), (54, 60), (54, 61), (54, 62), (55, 62), (56, 62), (56, 63), (56, 64), (57, 64), (58, 64), (58, 63), (58, 62), (59, 62), (60, 62), (60, 61), (60, 60), (61, 60), (62, 60), (62, 59), (62, 58), (61, 58), (60, 58), (59, 58), (58, 58), (58, 57), (58, 56), (59, 56), (60, 56), (60, 55), (60, 54), (61, 54), (62, 54), (63, 54), (64, 54), (64, 53), (64, 52), (65, 52), (66, 52), (66, 53), (66, 54), (67, 54), (68, 54), (69, 54), (70, 54), (70, 55), (70, 56), (70, 57), (70, 58), (70, 59), (70, 60), (70, 61), (70, 62), (69, 62), (68, 62), (67, 62), (66, 62), (66, 61), (66, 60), (66, 59), (66, 58), (67, 58), (68, 58), (68, 57), (68, 56), (67, 56), (66, 56), (65, 56), (64, 56), (64, 57), (64, 58), (64, 59), (64, 60), (64, 61), (64, 62), (64, 63), (64, 64), (65, 64), (66, 64), (66, 65), (66, 66), (67, 66), (68, 66), (69, 66), (70, 66), (70, 67), (70, 68), (70, 69), (70, 70)]
OOOOOOOOOOOOO#OOOOOOOOOOOOOOO#.........................................
##.####.#.##O#O#############O#OOOOOOOOOOOOOOOOOOOOOOOOOO...............
...#...#.#OOO#OOOOOOO#.....#O#O....#...................O...............
.#.#.#.#.#O###.#####O###.#.#O#O.##.#..#................O...............
.#.#.#.#..O#.......#O#...#.#O#OO.......................O...............
.###.#.###O#.#######O#.#.#.#O##OO...#..................O...............
.....#...#O#.#OOOOOOO#...#.#OOO#OOO....................O...............
.#######.#O###O#########.#.###O.##O........#...........O...............
.#...#...#OOOOO#...........#OOO#..O....................O...............
.#...#.###.####.##.#.#######O##.OOO#...................O...............
.#.#.#.#...#.....#...#OOOOOOO#.OO..#...................O...............
.###.#.#####.###.#.###O#######.O...#.#.................O...............
...#.#.......#...#OOOOO#OOOOO#.O.......................O...............
##.#.########..###O####.O###O##O.##....................O...............
.#...#.......#.#..O#..OOO#OOO#OO.......................O...............
.###.##.##.#.#.###O###O###O###O#.#.....................O...............
...#...#...#.#...#OOO#O#OOO#..O#...#...................O...............
.#.###.#.###.###.###O#O#O#####O#.......................O...............
.#.......#.....#...#OOO#OOO#OOO........................O...............
.#.###########.###.#######O#O#.#.......................O...............
.#.#...#.....#.#...#.OOOOOO#O..#.......................O...............
.#.#.#.#...#.#.#.##..O######O.....#....................O...............
...#.#.#.....#.#...#.OOOOOOOO#.........................O...............
.##..#.##..#.#.###.#.#...#.#..#........................O...............
.#...#...#.#.#...#.#.....#.............................O...............
.###.#.##..#.###.#.##.#######..........................O...............
.....#.#.......#.#...#...#...#.........................O...............
###.##.#...###.#.###.#.#.##............................O...............
...#...#.#...#.#.#...#.#...#...........................O...............
...#.###.#.#.#.#.#.###..##.#.#.#.......................O...............
...#.#...#.....#.#.#...#...#.#.........................O...............
..##.#.....###.###.#.###.#.##..........................O...............
...#.#...#...#...#...#...#.#...#.......................O...............
.#.#..##.###......####.#####.#.........................O...............
.#...#.#...............#...............................O...............
.####...##.#....######.#..#.#..........................O..........#....
.....#...#.#.........#.#.#.............................O...............
####.#.###....#..###.#.#...#...........................O..#.#..........
.......#...#.....#.#...#...............................O...............
.#######.#.....###.#####.##............................O.....#.#.......
...#...#...#.......#...#...............................O...............
##.#............##.#.#.#....##................##.....#.O#..#.#.#.#.....
...#.#.....#.......#.#.............................#...OO............#.
####..##.......#.........#......................#.#.....O.#..##..#.....
.....#.......................................#..........O..............
.###.#.#...#.............................#.#.##....#...#O#.#....#......
...#.#.#.........................................#......O....#.....#...
.#.#.#.#.#...#............................#......###...#O..#........##.
.#.#.#.#.....................................#.#........O......#.....#.
.#.##..#..#....................................######...O..##.#.#####..
.#.....#.....................................#.........#O#...........#.
...#...#...................................#..#######..#OO##.#.#####.#.
.........................................#...#.#OOOOO#.#.O...#.#OOO#...
#........#.....................#.....#.....###.#O###O#..#O.#####O#O####
.......#...........................#.....#...#.#OOO#OO.#.O.#OOOOO#OOOOO
.....#.........................###......##.#.#..##O##OOOOO##O#########O
...........................................#.....#OOO#...#OOO#..OOOOO#O
................................##.....#.#.#..###.##O#..##O#####O###O#O
...............................#.....#.....#.#.....#O#...#OOOOO#O#OOO#O
..............................##.#..##.#####.#.###.#O###.#####O#O#O#.#O
.............................#.#.........#...#.#.#.#OOO#...#OOO#O#O#.#O
.............................#.#.....#.#.#####.#.#.###O#####O###O#O###O
...............................#.......#.#.....#.#...#OOO#OOO#.#O#OOOOO
...........................###.#.#....#..#.####..###..##O#O###.#O##.###
...............................#.#.......#.....#...#...#OOO#...#OOO#...
...........................#..##.#.#.###.#####.###.#.#######.#####O###.
.............................#...#...#.......#.....#.........#...#OOOOO
.........................###.#.###################.####.##.###.#.#####O
...........................#.#.#...#...#.........#.....#.#.....#.....#O
.......................##..#.#.#.#.#.#.#.#######.#####...###########.#O
.............................#...#...#.........#...................#..O
Minimum number of steps required is 360
